
000
SHUS61 KMWI 072006
FWOLWX
Weather Information Management System (WIMS)
USDA National Information Technology Center (KMWI)
07-APR-22 20:06:39 GMT
 
Listing of Forecasted Observations (Baltimore/Washington DC, MD)
 
ST NME STAT'N   DATE HR T W DBT DPT  RH Y M DIR WS 10 TMX TMN HMX HMN PD1 PD2
------ ------ ------ -- - - --- --- --- - - --- -- -- --- --- --- ---  --  --
Stations not in a Zone:
GREEN  180201 220408 13 F 2  53  32  46 4 5 248  6  0  53  38  86  46   0   0
GREEN  180201 220409 13 F 2  48  28  47 5 1 270  7  0  53  37  85  46   0   0
GREEN  180201 220410 13 F 2  45  24  45 1 1 293  8  0  48  34  78  45   0   0
GREEN  180201 220411 13 F 2  57  34  42 1 1 180  2  0  57  32  78  42   0   0
GREEN  180201 220412 13 F 1  70  47  45 1 1 248  4  0  70  48  77  39   0   0
GREEN  180201 220413 13 F 2  70  51  51 1 1 180  3  0  72  53  83  43   0   0
GREEN  180201 220414 13 F 2  71  52  52 1 1 203  4  0  72  57  86  47   0   0
PATUXE 181501 220408 13 F 1  58  37  47 5 1 225  6  0  58  44  96  47   5   0
PATUXE 181501 220409 13 F 2  54  33  46 1 1 270  6  0  59  42  93  45   0   0
PATUXE 181501 220410 13 F 1  51  29  44 1 1 293  8  0  54  39  79  44   0   0
PATUXE 181501 220411 13 F 2  58  35  42 1 1 203  4  0  58  37  73  41   0   0
PATUXE 181501 220412 13 F 1  73  48  42 1 1 248  5  0  73  51  77  39   0   0
PATUXE 181501 220413 13 F 2  74  51  46 1 1 180  5  0  75  57  83  41   0   0
PATUXE 181501 220414 13 F 2  75  56  52 1 1 203  6  0  75  61  84  45   0   0
CEDARV 181510 220408 13 F 1  59  37  44 5 1 225  6  0  59  44  96  44   4   0
CEDARV 181510 220409 13 F 2  55  34  45 1 1 270  6  0  60  42  93  44   0   0
CEDARV 181510 220410 13 F 1  51  28  41 1 1 293  8  0  55  39  79  41   0   0
CEDARV 181510 220411 13 F 2  59  35  41 1 1 203  4  0  59  38  79  41   0   0
CEDARV 181510 220412 13 F 1  73  48  42 1 1 248  5  0  73  52  80  39   0   0
CEDARV 181510 220413 13 F 2  75  52  45 1 1 203  5  0  75  57  83  41   0   0
CEDARV 181510 220414 13 F 2  75  56  52 1 1 203  6  0  76  61  81  45   0   0
FORT V 440402 220408 13 F 2  56  36  47 4 5 203  6  0  56  40  86  47   0   0
FORT V 440402 220409 13 F 2  52  30  43 5 4 270  6  0  56  37  85  43   0   0
FORT V 440402 220410 13 F 1  50  27  42 1 1 293  6  0  53  36  72  41   0   0
FORT V 440402 220411 13 F 2  61  37  41 1 1 180  3  0  61  35  78  41   0   0
FORT V 440402 220412 13 F 1  75  52  46 1 1 248  4  0  75  53  74  38   0   0
FORT V 440402 220413 13 F 2  74  53  48 1 1 180  4  0  78  56  80  43   0   0
FORT V 440402 220414 13 F 2  75  56  53 1 1 225  5  0  76  59  80  46   0   0
HEADQU 440901 220408 13 F 2  54  33  45 4 1 225  7  0  54  39  89  45   2   0
HEADQU 440901 220409 13 F 2  50  27  42 1 1 270  5  0  55  36  85  42   0   0
HEADQU 440901 220410 13 F 1  48  24  40 1 1 293  6  0  51  34  75  39   0   0
HEADQU 440901 220411 13 F 2  59  34  39 1 1 180  4  0  59  35  78  37   0   0
HEADQU 440901 220412 13 F 1  73  49  44 1 1 225  4  0  73  52  74  38   0   0
HEADQU 440901 220413 13 F 2  72  51  48 1 1 180  4  0  75  55  80  39   0   0
HEADQU 440901 220414 13 F 2  73  53  51 1 1 225  6  0  74  59  77  46   0   0
PRINCE 441531 220408 13 F 1  61  37  42 5 1 203  6  0  61  44  96  42   4   0
PRINCE 441531 220409 13 F 2  56  33  42 1 1 248  6  0  61  42  86  41   0   0
PRINCE 441531 220410 13 F 1  53  28  39 1 1 293  7  0  56  39  73  39   0   0
PRINCE 441531 220411 13 F 1  60  36  41 1 1 180  4  0  60  37  79  36   0   0
PRINCE 441531 220412 13 F 1  76  51  43 1 1 248  4  0  76  53  77  38   0   0
PRINCE 441531 220413 13 F 2  75  51  43 1 1 203  4  0  78  57  80  39   0   0
PRINCE 441531 220414 13 F 2  77  56  50 1 1 203  6  0  77  62  78  42   0   0
AUGUST 461102 220408 13 F 2  53  34  50 4 5 225  7  0  53  36  86  50   0   0
AUGUST 461102 220409 13 F 2  48  28  47 5 4 270  9  0  53  36  85  47   0   0
AUGUST 461102 220410 13 F 2  46  27  49 1 1 293 10  0  49  34  78  46   0   0
AUGUST 461102 220411 13 F 2  59  35  42 1 1 180  4  0  59  32  78  42   0   0
AUGUST 461102 220412 13 F 1  72  50  47 1 1 248  6  0  72  50  80  40   0   0
AUGUST 461102 220413 13 F 2  72  53  53 1 1 180  5  0  74  53  83  47   0   0
AUGUST 461102 220414 13 F 2  72  53  53 1 1 203  6  0  74  56  83  49   0   0
KEARNE 462901 220408 13 F 2  57  36  47 4 5 203  6  0  57  40  93  47   3   0
KEARNE 462901 220409 13 F 2  53  31  44 5 4 270  7  0  57  40  82  44   0   0
KEARNE 462901 220410 13 F 2  49  28  44 1 1 293  8  0  53  37  73  43   0   0
KEARNE 462901 220411 13 F 2  59  35  42 1 1 180  4  0  59  34  78  42   0   0
KEARNE 462901 220412 13 F 1  74  51  46 1 1 248  4  0  74  50  77  39   0   0
KEARNE 462901 220413 13 F 2  74  53  48 1 1 180  4  0  76  55  83  44   0   0
KEARNE 462901 220414 13 F 2  75  57  55 1 1 203  5  0  75  59  80  46   0   0
UPPER  463501 220408 13 F 8  51  30  46 4 5 225  7  0  51  36  82  46   0   0
UPPER  463501 220409 13 F 2  46  26  47 5 1 270  7  0  53  34  85  46   6   0
UPPER  463501 220410 13 F 1  45  26  47 1 1 293  7  0  47  33  75  45   0   0
UPPER  463501 220411 13 F 2  65  38  37 1 1 203  4  0  65  34  78  37   0   0
UPPER  463501 220412 13 F 1  72  49  45 1 1 248  5  0  72  53  71  34   0   0
UPPER  463501 220413 13 F 2  72  53  53 1 1 203  5  0  74  54  77  42   0   0
UPPER  463501 220414 13 F 2  72  48  44 1 1 203  6  0  74  57  83  44   0   0
 
 
 
End of WIMS Bulletin @ 07-APR-22 20:06:39 GMT

